8.179220779220779036e+01
8.492207792207791783e+01
9.216883116883117566e+01
8.836363636363635976e+01
7.725974025974025494e+01
7.468831168831168554e+01
8.345454545454545325e+01
8.470129870129869687e+01
7.820779220779220964e+01
7.359740259740259205e+01
7.196103896103896602e+01
6.351948051948051699e+01
1.674935064935064872e+02
2.343506493506493484e+02
1.081571428571428669e+03
1.134636363636363740e+03
5.677662337662337677e+02
2.556233766233766289e+02
3.313896103896103682e+02
5.647532467532467990e+02
8.045844155844156376e+02
7.255844155844156376e+02
3.924285714285714448e+02
1.125844155844155807e+02
1.626753246753246742e+02
2.257012987012986969e+02
1.091246753246753315e+03
1.099259740259740283e+03
5.595064935064934843e+02
2.740909090909090651e+02
3.527012987012986969e+02
6.769480519480518979e+02
1.131376623376623456e+03
1.077597402597402606e+03
4.409090909090909349e+02
1.195974025974025921e+02
1.864935064935064872e+02
2.512857142857142776e+02
1.176675324675324646e+03
1.038181818181818244e+03
5.662077922077921812e+02
2.840519480519480453e+02
3.436493506493506516e+02
6.795324675324675354e+02
1.104688311688311614e+03
1.162961038961038867e+03
4.538701298701298583e+02
1.203766233766233711e+02
1.687402597402597451e+02
2.265974025974026063e+02
1.180181818181818244e+03
1.115688311688311614e+03
5.620519480519481021e+02
2.781428571428571672e+02
3.536493506493506516e+02
6.699610389610389802e+02
1.120025974025973937e+03
1.158415584415584362e+03
4.598311688311688386e+02
1.243246753246753258e+02
1.811688311688311614e+02
2.456493506493506516e+02
1.108792207792207819e+03
1.099675324675324646e+03
5.668961038961039094e+02
2.809220779220779036e+02
3.462467532467532578e+02
6.853896103896104250e+02
1.111116883116883173e+03
1.089272727272727252e+03
4.456233766233766005e+02
1.178831168831168839e+02
1.087012987012986969e+02
1.266883116883116855e+02
1.895584415584415581e+02
1.865974025974026063e+02
1.424675324675324646e+02
1.382597402597402549e+02
1.360000000000000000e+02
2.573896103896103682e+02
2.964285714285714448e+02
2.895194805194805099e+02
1.719090909090909065e+02
8.431168831168831446e+01
5.750649350649350566e+01
6.194805194805194759e+01
7.336363636363635976e+01
7.214285714285713880e+01
6.363636363636363313e+01
5.502597402597402265e+01
6.306493506493506374e+01
6.738961038961039662e+01
6.638961038961039662e+01
5.841558441558441217e+01
5.909090909090909349e+01
5.955844155844155807e+01
