1.200533333333333275e+02
1.276466666666666612e+02
1.134933333333333394e+02
1.087800000000000011e+02
1.102333333333333343e+02
1.206066666666666691e+02
1.100400000000000063e+02
1.204200000000000017e+02
1.058133333333333326e+02
1.172266666666666737e+02
1.150466666666666669e+02
7.052666666666667084e+01
2.453866666666666561e+02
6.246799999999999500e+02
5.656066666666666833e+02
3.654399999999999977e+02
2.968600000000000136e+02
3.360533333333333417e+02
2.288000000000000114e+02
3.384866666666666788e+02
2.438066666666666720e+02
6.276599999999999682e+02
4.953199999999999932e+02
9.630666666666667197e+01
4.702400000000000091e+02
8.644266666666666197e+02
7.761533333333333076e+02
5.465399999999999636e+02
3.677400000000000091e+02
5.162533333333333303e+02
2.537333333333333201e+02
5.209199999999999591e+02
4.002333333333333485e+02
1.208160000000000082e+03
1.117559999999999945e+03
1.944133333333333269e+02
6.419800000000000182e+02
1.176266666666666652e+03
1.078740000000000009e+03
6.802999999999999545e+02
4.744333333333333371e+02
6.163533333333333530e+02
3.278799999999999955e+02
6.489400000000000546e+02
4.236000000000000227e+02
1.322973333333333358e+03
1.297480000000000018e+03
2.317400000000000091e+02
6.112200000000000273e+02
1.269273333333333312e+03
1.242973333333333358e+03
7.120266666666666424e+02
5.004333333333333371e+02
6.614333333333332803e+02
3.317400000000000091e+02
6.817066666666667061e+02
4.404200000000000159e+02
1.497973333333333358e+03
1.316299999999999955e+03
2.340200000000000102e+02
6.115133333333333212e+02
1.259099999999999909e+03
1.263380000000000109e+03
7.167799999999999727e+02
5.101866666666666674e+02
6.897599999999999909e+02
3.319333333333333371e+02
6.493466666666666924e+02
4.671933333333333280e+02
1.615826666666666597e+03
1.277886666666666770e+03
2.312400000000000091e+02
3.517933333333333508e+02
7.995199999999999818e+02
7.340800000000000409e+02
5.047866666666666902e+02
3.580866666666666447e+02
4.766666666666666856e+02
3.018866666666666561e+02
4.546666666666666856e+02
2.953133333333333326e+02
8.549666666666666970e+02
7.449266666666666197e+02
1.538733333333333348e+02
3.269333333333333513e+01
7.335999999999999943e+01
4.757999999999999829e+01
4.817333333333333201e+01
3.782666666666666799e+01
4.250666666666666771e+01
4.070666666666666345e+01
4.293999999999999773e+01
3.493999999999999773e+01
6.908666666666667311e+01
4.754666666666666686e+01
1.015333333333333421e+01
