2.871440000000000055e+02
4.194080000000000155e+02
3.734879999999999995e+02
2.505440000000000111e+02
5.519999999999999574e+00
2.919999999999999929e+00
3.279999999999999805e+00
1.462959999999999923e+02
4.451120000000000232e+02
3.484719999999999800e+02
3.661600000000000250e+02
7.105599999999999739e+01
3.541920000000000073e+02
5.993999999999999773e+02
6.753759999999999764e+02
4.389279999999999973e+02
4.503999999999999559e+00
2.736000000000000210e+00
2.887999999999999901e+00
1.879279999999999973e+02
5.869759999999999991e+02
4.414159999999999968e+02
4.702320000000000277e+02
8.199200000000000443e+01
4.756960000000000264e+02
9.577599999999999909e+02
1.200488000000000056e+03
5.726879999999999882e+02
3.120000000000000107e+00
2.056000000000000050e+00
2.152000000000000135e+00
2.894159999999999968e+02
1.173319999999999936e+03
1.077135999999999967e+03
7.016480000000000246e+02
8.766400000000000148e+01
3.899359999999999786e+02
7.467759999999999536e+02
9.974080000000000155e+02
5.417839999999999918e+02
3.431999999999999940e+00
2.216000000000000192e+00
2.184000000000000163e+00
2.871999999999999886e+02
1.004224000000000046e+03
9.706079999999999472e+02
6.968400000000000318e+02
8.892000000000000171e+01
3.933360000000000127e+02
7.622400000000000091e+02
1.011216000000000008e+03
5.636879999999999882e+02
3.592000000000000082e+00
2.168000000000000149e+00
2.040000000000000036e+00
2.833759999999999764e+02
9.895599999999999454e+02
9.629759999999999991e+02
6.754959999999999809e+02
8.911199999999999477e+01
3.109839999999999804e+02
5.371040000000000418e+02
6.149840000000000373e+02
4.533759999999999764e+02
4.815999999999999837e+00
2.823999999999999844e+00
2.815999999999999837e+00
2.566639999999999873e+02
6.963279999999999745e+02
6.407999999999999545e+02
4.861600000000000250e+02
8.071999999999999886e+01
2.190399999999999920e+02
3.429119999999999777e+02
3.488319999999999936e+02
3.462160000000000082e+02
6.128000000000000114e+00
3.016000000000000014e+00
3.311999999999999833e+00
2.887839999999999918e+02
5.403999999999999773e+02
4.999839999999999804e+02
3.440559999999999832e+02
6.443999999999999773e+01
2.020879999999999939e+02
2.750160000000000196e+02
2.310399999999999920e+02
1.833919999999999959e+02
6.655999999999999694e+00
3.072000000000000064e+00
3.160000000000000142e+00
1.127600000000000051e+02
2.736320000000000050e+02
1.945600000000000023e+02
2.489039999999999964e+02
6.400000000000000000e+01
