2.650722891566264821e+02
2.940481927710843593e+02
2.788915662650602485e+02
3.186204819277108413e+02
2.955903614457831168e+02
3.256867469879518353e+02
3.197228915662650479e+02
2.884277108433735179e+02
2.773132530120481647e+02
3.070481927710843593e+02
3.101566265060241108e+02
2.195000000000000000e+02
3.827469879518072275e+02
6.590542168674699042e+02
6.051626506024095988e+02
6.021566265060240539e+02
5.219096385542168264e+02
5.744457831325300958e+02
4.552650602409638623e+02
5.151867469879517785e+02
4.661265060240963862e+02
8.035240963855421796e+02
6.855481927710843593e+02
3.060361445783132694e+02
6.300903614457831736e+02
1.128120481927710898e+03
1.100831325301204743e+03
1.052674698795180802e+03
9.801325301204818743e+02
1.088463855421686731e+03
7.007409638554216826e+02
8.278012048192771317e+02
7.355722891566265389e+02
1.495319277108433653e+03
1.290698795180722982e+03
5.265240963855421796e+02
6.492409638554216826e+02
1.085644578313253078e+03
9.449156626506023713e+02
1.014885542168674647e+03
9.024156626506023713e+02
9.835602409638554491e+02
6.628674698795181257e+02
7.957228915662650479e+02
6.953915662650601917e+02
1.358722891566265162e+03
1.253518072289156635e+03
5.877710843373494072e+02
6.291385542168674192e+02
1.136759036144578204e+03
1.002072289156626539e+03
1.023933734939759006e+03
8.911024096385542634e+02
9.520240963855421796e+02
6.924096385542168264e+02
8.327831325301204970e+02
7.269156626506023713e+02
1.386975903614457820e+03
1.198132530120481988e+03
5.358253012048193114e+02
6.255903614457831736e+02
1.165963855421686731e+03
1.167066265060240994e+03
1.076771084337349293e+03
9.279759036144578204e+02
1.016192771084337323e+03
6.918072289156626766e+02
8.682650602409638623e+02
7.148132530120482215e+02
1.551572289156626539e+03
1.340036144578313269e+03
5.213855421686746467e+02
4.201084337349397515e+02
5.167530120481927725e+02
4.718192771084337096e+02
7.262048192771084132e+02
7.018614457831325808e+02
6.814397590361445509e+02
5.769939759036144551e+02
6.140421686746988144e+02
5.015240963855421796e+02
7.137831325301204970e+02
6.475481927710843593e+02
3.608313253012047994e+02
2.127650602409638623e+02
2.171506024096385659e+02
2.059638554216867590e+02
2.257409638554216826e+02
2.148674698795180689e+02
2.077530120481927725e+02
2.111024096385542066e+02
2.064759036144578204e+02
2.808915662650602485e+02
2.290963855421686617e+02
2.272530120481927725e+02
2.005481927710843308e+02
