8.668831168831168554e+01
8.431168831168831446e+01
8.854545454545454675e+01
9.067532467532467422e+01
8.872727272727273373e+01
8.442857142857143060e+01
7.875324675324675638e+01
8.580519480519480169e+01
8.654545454545454675e+01
8.718181818181818699e+01
7.951948051948052409e+01
6.274025974025973795e+01
1.658181818181818130e+02
2.249610389610389518e+02
1.009662337662337677e+03
1.046870129870129858e+03
5.374025974025973937e+02
2.420389610389610482e+02
3.250389610389610198e+02
5.683246753246753542e+02
8.123376623376623229e+02
7.542207792207792636e+02
3.833116883116883287e+02
1.004935064935064872e+02
1.773116883116883002e+02
2.392077922077922096e+02
1.023454545454545496e+03
1.015935064935064929e+03
5.340259740259740511e+02
2.741428571428571672e+02
3.358831168831168839e+02
6.965584415584415865e+02
1.191545454545454504e+03
1.165038961038961133e+03
4.452987012987013031e+02
1.062077922077922096e+02
1.875194805194805099e+02
2.563766233766233995e+02
1.130142857142857110e+03
9.739480519480518979e+02
5.348311688311688386e+02
2.832987012987013031e+02
3.382727272727272521e+02
7.068961038961039094e+02
1.191298701298701189e+03
1.299467532467532465e+03
4.695064935064934843e+02
1.177402597402597451e+02
1.776883116883116998e+02
2.259740259740259773e+02
1.115766233766233654e+03
1.025922077922077960e+03
5.351428571428571104e+02
2.807922077922078188e+02
3.419610389610389802e+02
6.929870129870130313e+02
1.204428571428571331e+03
1.286129870129870142e+03
4.668311688311688386e+02
1.131168831168831161e+02
1.834285714285714164e+02
2.456103896103896034e+02
1.055246753246753315e+03
1.012298701298701303e+03
5.365454545454545041e+02
2.767402597402597166e+02
3.410259740259740511e+02
7.166233766233766573e+02
1.202103896103896204e+03
1.195675324675324646e+03
4.511818181818181870e+02
1.094285714285714306e+02
1.179220779220779178e+02
1.394675324675324646e+02
2.048181818181818130e+02
1.903376623376623513e+02
1.508311688311688386e+02
1.502467532467532578e+02
1.359480519480519547e+02
2.815064935064934843e+02
3.398701298701298583e+02
3.377792207792207932e+02
1.924285714285714164e+02
8.497402597402597735e+01
6.650649350649351277e+01
6.427272727272726627e+01
6.245454545454545325e+01
6.393506493506493626e+01
6.733766233766233711e+01
6.792207792207791783e+01
5.883116883116883145e+01
6.011688311688311614e+01
6.823376623376623229e+01
7.192207792207791783e+01
6.171428571428571530e+01
6.038961038961038952e+01
