2.852320000000000277e+02
4.216000000000000227e+02
3.683199999999999932e+02
2.323199999999999932e+02
5.352000000000000313e+00
2.983999999999999986e+00
3.128000000000000114e+00
1.546639999999999873e+02
4.449839999999999804e+02
3.528559999999999945e+02
3.621999999999999886e+02
7.107200000000000273e+01
3.578240000000000123e+02
6.231839999999999691e+02
6.932799999999999727e+02
3.973039999999999736e+02
4.639999999999999680e+00
2.624000000000000110e+00
2.911999999999999922e+00
1.991920000000000073e+02
6.124239999999999782e+02
4.676320000000000050e+02
4.756000000000000227e+02
8.272799999999999443e+01
4.773840000000000146e+02
9.849279999999999973e+02
1.212167999999999893e+03
5.248559999999999945e+02
2.927999999999999936e+00
2.255999999999999783e+00
2.104000000000000092e+00
3.002080000000000268e+02
1.188271999999999935e+03
1.099711999999999989e+03
6.940320000000000391e+02
8.842400000000000659e+01
3.934080000000000155e+02
7.680480000000000018e+02
9.939600000000000364e+02
4.949519999999999982e+02
3.552000000000000046e+00
2.255999999999999783e+00
2.224000000000000199e+00
2.970559999999999832e+02
1.016096000000000004e+03
9.836079999999999472e+02
6.886319999999999482e+02
8.974399999999999977e+01
3.972640000000000100e+02
7.821440000000000055e+02
1.008912000000000035e+03
5.165359999999999445e+02
3.351999999999999869e+00
2.096000000000000085e+00
2.088000000000000078e+00
2.932799999999999727e+02
1.005312000000000012e+03
9.764959999999999809e+02
6.692079999999999700e+02
9.024800000000000466e+01
3.100480000000000018e+02
5.556240000000000236e+02
6.462799999999999727e+02
4.647200000000000273e+02
4.615999999999999659e+00
2.680000000000000160e+00
2.751999999999999780e+00
2.599279999999999973e+02
6.823519999999999754e+02
6.226720000000000255e+02
4.902080000000000268e+02
8.271200000000000330e+01
2.109519999999999982e+02
3.355199999999999818e+02
3.405040000000000191e+02
3.315919999999999845e+02
6.240000000000000213e+00
3.144000000000000128e+00
3.255999999999999783e+00
2.809039999999999964e+02
5.106960000000000264e+02
4.698319999999999936e+02
3.320319999999999823e+02
6.451200000000000045e+01
2.046320000000000050e+02
2.846399999999999864e+02
2.381599999999999966e+02
1.844639999999999986e+02
6.599999999999999645e+00
2.959999999999999964e+00
3.263999999999999790e+00
1.174320000000000022e+02
2.778720000000000141e+02
2.001119999999999948e+02
2.549199999999999875e+02
6.551999999999999602e+01
